284723
125
23016///7123
2981
1368
57126
7360
2651
766
79148
9076
8671
2980
54805
51228
6689
1030
266675
9099
27042
100847052///677835///1736
6422
84962
55273
101928195///100996643///25902
11260
3570
5333
55299
57214
6446
5471
8611
6338
100528022///5959
6609
23140
100616113///27250
9429
53841
23250
94234
26586
84281
55532
771
51602
2767
348249///6358
284346
85477
9314
56159
51645
197257
4499
286133
57460
58476
1001
92092
6533
192666
51719
11170
100048912
10606
55654
84128
8507
647115
400960
26747
10351
79849
7357
64115
8140
25994
1434
9929
248
55759
4609
84888
23560
9603
11099
55127
54751
166968
84365

343
10099
1606
643236
762
23160
5983
9188
65065
55198
23673
1164
6548
10672
10917
1876
8837
54517
57181
957
10813
1019
4839
85007
283267
125058
84955
55616
339166///23302
11335
54861
4969
146691
27340
254439
7675
2776
85457
65983
84172
80031
51018
23035
83540
65018
6741
9816
57600
705
163882
10196
57122
430
54955
54443
271
29923
11065
9221
4234
7045
91748
57699
23505
57556
768211
23136
1191
10885
81693
9319
440138///10813///9724
57458
4869
137075
100529097///6173
10370
10576
64236
10317
55646
10007
23322
4601
9653
101929340
129401
51692
79785
727910
54838
80772
54881
57708
56954
2150
26031
282997
11261
808///805///801
30815
79023
113026
865
152518
54857
100996506///54884
5523
100113381///26354
35
4175
4673
983
9854
5794
5481
26156
9631
5003
63979
4171
60313
84916
203260
6578
692204///84798
7008
2110
407004///84981
123264
7153
27141
788
7004
79080
64398
6584
286827
57587
9533
388335
55911
3070
6059
1894
10529
2532
1376
5984
7844
23310
55744
57549
759
126731
23642///9304///9303///9302///9301///9300///9299///9298///9297
8705
57733
257000
7803
11252
55726
100302132///375061
2618
9764
64794
57820
91851
79947
9588
9881
27163
7447
84306
960
51128
6799
84971
8445
100130933
6934
55660
57704
56902
101928927///677798///285958
86
90025
5494
1615
55215
221504
285172
790
27109
5151
84524
6574
7113
5557
4154
56652
6368
646962
84918
8036
4082
83879
11346
55131
25788
23563
8607
56915
63924
80323
10112
10131
25879
64318
3706
79085
3977
87178
102724156
26271
9521
23082
11072
84890
153090
80324
58480
79691
728568
9933
6387
389332
1087
653808
51132///26986
5467
4817
257019
80736
22974
348995
5538
2494
142678
100631383///100129583///8987
79657
54831
8412
3376
54908
27143
4218
6945
7132
23584
9456
90407
114907
58516
5366
84830
3326
90529
5328
22880
54659///54658///54600///54579///54576
6472
29028
84259
399665
94121
101928405
641648///641638
5825
56204
1902
5362
9569
51196
84649
3572
10171
23327
3624
10849
5152
7851
24137
9827
6502
6633
26010
65083
10106
11240
25978
84319
388796
4084
6635
5051
55227
28987
29089
55512
23212
10142
3576
55824
51495
3329
4674
10549
1033
9306
116461
101928747///27316///26787
10799
55672
7272
10635
10953
9516
25890
27292
55750
730268///64682
84803
84650
8602
54509
317649
79723
57405
55775
84154
57224
1111
645840///114112
2034
8780
3032
54659///54658///54657///54600///54579///54578///54577///54576///54575
5361
57510
27147
901
23076
51514
3843
57761
57178
717
116447
2052
23370
5048
23028
51154
55239
144455
55622
54884
6641
55010
149466
644844
733
191
6319
4085
92521
79817
100529262///53916
376267
5516
79075
6430
7358
84133
23176
57688
6340
441951
23171
124540
1662
64762
84953
10926
134285
6342
9867
4361
7433
1063
28231
899
54801
55640
10184
1805
79084
9073
545
84946
64434
7148///7146
7011
3161
10054
5631
401505
8886
4026
55914
79000
8187
83667
5697
54941
699
3954
1889
23169
1503
23052
1786
79711
8853
81565
79762
96764
10199
22906
6659
55038
824
57132
5433
51099
64172
4288
6894
5500
84002
100526836///81567
51001
54929
100288911
817
10535
10581///8519
89890
23384
11340
57128
10527
1181
23594
9060
58494
4751
9921
1398
9263
729533///728833///653820///554282
636
55035
623
56957
6558
6168
2971
140803
9767
27000
10085
85455
64388
102465453///4162
25929
5203
105379499///645566
11198
9766
51649
79908
100506621
10924
10420
54978///1058
6790
90417
8082
4779
8914
643911
54933
4736
151195
83943
22822
443
29080
10050
4641
55839
1163
4363
51096
51203
64425
201725
3609
55359
54858
219699
55603
55614
253152
2517
5570
100528031///27111
206358
140460
80148
5050
4494
11320
2185
4521
221150
55970
51660
51552
30
54825
51184
4225
100507246///677850///677848
160897
79699
55110
79896
63875
9819
29968
6398
908
51776
1017
9184
25800
92482
100820829
4299
2146
9528
7804
79153
101060264
7498
50854
100528016///1500
8648
115201
54802
339479
90007
51439
91298
134728
55165
8833
1477
6239
23450
344887
79651
440498
55226
8976
5901
5902
26147
144402
79596
9735
54475
57180
686
80131
2091
54414
51567
55922
7782
286827///57560
9928
84303
56990
54499
115
64121
6744
79026
55793
284076
23357
63922
51
51573
6817
220042
7323
8915
32
28989
8110
81610
3588
1841
23312
9055
23397
63027
5597
6041
9637
88455
64785
3612
5378
57619
3838
4520
101928152
4501
730
144577
201501
51497
9218
55720
23306
143872
4493
4830
81620
51082
91408
81493
25840
53349
57482
8767
79819
26355
115908
10611
81855
8773
57670
79833
10785
9787
54979
83935
6636
4259
2237
5873
22802
53345
1207
8076
9215
23031
9702
57530
27134
113115
4548
382
11004
692197///692196///619498///60674///26806///26802///26774///26770///26769
650
9175
65244
29127
195828
55884
84864
29899
2909
26020
6652
23424
85379
5987
54502
8313
8743
83606
79646
93594
10825
10166
288
84881
54680
51373
60481
994
2182
9232
3231
9912
64328
79154
490
10410
55213
79810
6491
23303
966
2172
2059
6518
2956
95681
84162
79157
51523
9525
64327
2934
1069
726
3294
10022
9718
84067
64081
150000
80219
54658///54657///54600///54578///54576///54575
80232
80117
51663
9136
116225
23446
6749
11148
8672
114793
23595
6193
114134
7086
2118
152189
57804
23404
23228
1113
23347
102466616///93655///7982
645745
10301
56929
55001
9657
55771
346389
63928
124454
51170
5025
1964
90141
8736
6675
5134
55609
154661
9675
79612
79654
55105
7122
10695
154141
205717
9493
89978
22931
4176
9615
8131
27242
55355
54069
153443
26504
2967
8850
259266
3162
91272
55319
83787
4502
2921
150468
79989
51274
8480
84895
891
10590
29094
26118
51319
65220
51474
701
57462
4638
4058
4233
11200
23382
7855
54585
5723
100506548///6167
102465906///23246
81533
634
8483
91947
55787
50853
9793
2800
57696
4496
54522
3146
23474
121642
51512
389362
9262
54461
5422
5558
9611
51611
51010
320
11007
4891
5427
7188
29117
221545
60496
5663
54892
221830
57602
4306
51728
10581
9792
252839
10400
483
9413
79834
3673
161176///79686
23125
64105
1827
23483
10110
4495
26520
29889
3336
51347
83461
440145
55795
100526783///10239
126792
637
3978
113130
64946
55621
4534
3066
387263
23649
10008
101060817///2653
8609
55788
3925
4524
81930
58472
3988
80256
55003
2048
55093
4522
912
143286
54793
201562
7753
64151
10198
54894
340533
10544
51444
28966
55281
64858
51659
5985
57630
6581
11343
10808
147179
53405
5144
126321
84458
25849
580
55331
80022
55200
22915
83732
5425
5347
378938
100533970///30851
9943
64754
388341
81572
151393
81034
2491
79848
10015
203547
151246
840
3248
7378
121053
7102
11339
51633
6655
9875
9648
4211
2906
221035
56477
27339
729680
79017
9015
55183
9540
10311
1824
6241
1978
4247
54606
83448
643008
1871
401466
10056
220323
81563
23335
80157
65258
5337
10592
94
7057
79980
2549
55225
84678
137392
79913
55425
3727
978
9452
1800
5145
2012
10308
56061
8519
54860
79137
10428
10797
55695
3291
563
8904
9971
55722
81618
26164
23491
80018
100302185///5820
2050
9270
64062
1785
100289255
57515
4172
112616
8894
546
6242
6400
8535
64216
201895
79875
23225
9656
1316
1975
11146
4436
285097
79695
115024
84733
127262
83641
9289
24140
6662
22903
57465
23253
65057
143458
667
55632
5420
8884
3149
25913
54865
5125
11062
8476
5781
55388
5423
2908
1374
11226
196527
53827
80745
8406
2273
26994
79101
109
55257
57650
9837
84905
91942
93010
54962
5933
9728
171546
55247
58489
50488
55848
51263
2919
8624
10947
107985971
65124
8458
55681
9585
54809
6723
79789
144100
200765
200931
91057
1026
4482
950
2108
5954
330
1282
408
10459
89958
80005
100302240///692072///692063///677822///677805///677792///654320///79101
10465
11127
2739
165055
92689
284217
5795
3632
79982
10170
6731
11035
50999
3832
4666
80336
5001
9609
4321
79731
4886
23016
8504
2317
84196
9831
55153
54852
100289019
115548
92
51491
57522
10318
22894
23598
4092
200734
220972
54821
2495
27346
100302138///692213///692201///26792///10528
256691
6575
134430
7779
23150
23461
9774
144501
56938
79158
23215
1875
116228
166815
57634
7430
56992
57648
55286
134637
4134
55055
51257
23607
5029
287
114885
10241
374907
122416
5465
5166
2963
6717
22849
595
9918
79901
101927137///7203
54205
646817///642869///6418
54566
60436
26148
171586
66008
6453
57819
831
84561
4312
51427
118429
6875
8089
387103
389
221143
996
84302
64943
7174
54492
10490
93081
4174
54989
80315
57162
84417
624
9203
57088
51134
9126
5150
81602
94241
23165
84294
25938
51054
9678
57478
401093
55651
1130
100533970///30851///5026
51280
8549
328
6322
8763
1879
4232
100505633
54532
100128961///157567
760
26091
55129
9645
7373
80227
101927826///150726
4086
10732
50628
90874
29070
286495///7267
56931
25911
121512
10838
79850
5994
1104
8395
64219
140838
11218
3419
7289
64776
79733
51236
54960
10783
55761
5091
1278
25888
29915
7776
4913
55346
8824
66002
283537
23421
57020
100532732///401251///4439
4173
22909
126868
7172
5580
10919
84722
123016
55312
163486
843
28970
7068
5827
7553
2329
55661///6760
2305
8537
57570
148808
84083
10004
1657
51230
9868
4090
890
9721
2641
55636
8800
84326
9159
3920
2744
10875
64699
2330
8556
359948
51100
4213
4256
84102
25874
6820
152831
100996696///8761
10071
2920
641
23279
1371
284207
80168
168850
813
9114
54554
339977
3492
81848
728554///84321
9833
4179
10492
92935
51251
114876
220963
10550
25894
29128
55075
55204
83660
54726
6632
11005
79607
100526842///497661///6139
64417
51195
10133
79866
6229
154467
157313
64921
5067
51429
89870
2690
7263
100526831///100526830///445329///6818
8318
100093630///677809
50807
140465
10018
134266
956
3321
101927125
10396
8492
159371
285381
10625
255231
28977
55103
23658
727916
132864
211
389856
1763
7076
5054
51527
159296
55268
91860
64922
1021
100861412///25788
102465256///64114
54876
9734
5792
100506054
139886
23443
9882
101927204
24148
29950
9368
100533483///9236
84310
55500
10103
100652777///8399
29107
10403
57509
672
8714
57026///23616
1968
1366
56667
10380
3957
92815
55450
37
730101
55837
388581
27101
200894
81887
22853
290
101669762
135154
3615
990
403
9818
355
54498
26503
25984
340024
5205
83990
128239
80746
6573
79861
55437
79365
60487
1956
54463
4739
84886
152330
55366
64080
28962
400793
10393
8654
11051
5028
5440
8418
79027
65263
7436
5532
5154
7019
2820
389337
55559
9688
10668
79918
4660
8464
8270
2523
54107
55754
9782
1212
1062
2395
55757
200879
83695
9367
146198
23048
3030
101180901///51194
112399
101930123///29904
5550
57082
55143
11022
9212
1318
79071
3915
3159
80235
79694
115817
9208
102465526///7869
6750
378805
57380
146712
10419
79783
57016
50
54790
2630///2629
79720
7175
60370
90423
22877
124975
1678
65998
1312
54534
152007
27243
57568
28984
79902
340481
317762
55798
55835
102466723///64834
55196
2202
991
80155
4692
3965
5208
10628
5634
55661
29842
54843
387522///387521///7336///7335
84823
161291
8438
10098
390
5213
9
2321
55179
84181
1789
113452
2950
11179
83940
51114
5165
10426
9050
471
51651
652
138428
10855
6936
2177
54619
146909
975
24149
4285
55559///11219
1075
135293
148534
286109
55620
948
79004
83394
23362
9133
51504
6715
84954
5264
4128
85315
145389
100506658
125476
23112
54819
1301
646627
644943
10038
51690
80267
28981
91351
84159
5111
8553
84749
57614
5729
6998///6997
5372
163081
23301
9791
647979
166824
79053
51809
81611
4605
79070
5360
606500///6137
23158
2770
5885
23428
1054
54512
4314
2635
54877
200728
100861532
6281
25917
136
257218
7443
57508
8673
203859
112858
332
7464
101930489///541471///112597
2030
5903
8968///8358///8357///8356///8355///8354///8353///8352///8351///8350
116028
5349
5860
5591
29974
131583
93474
91137
10678
93663
8317
6788
6607///6606
55872
79161
1116
79971
10413
29980
7226
154007
4629
10555
55332
34
64097
7850
91543
51303
1820
4507
51315
84318
1290
282679
51337
56937
898
23433
79145
100532726///65987
375444
3489
54997
38
7050
1734
27286
9843
79716
24147
3714
25878
10208
5139
995
81624
92745
6611
10982
253012
5567
55320
10733
23596
79899
51176
22856
7857
22932///7784
5229
5236
23582
84135
168374
151295
6273
439949
254531
23677
10618
5801
79801
23509
9768
10749
89122
56704
49855
346606
23151
126
3284
127253
10360
79682
85407
114915
55214
388115
4640
11237
7570
162239
79828
92370
5688
5965
79710
64651
2308
56603
83861
10436
1277
10940
1660
3628
4282
2049
1562
1675
9762
55601
285902///10793
5480
4239
100505573
26040
54820
286148
84058
11171
11082
4756
133308
3158
100294033///9747
65062
10725
10495
8428
2235
51715
117178
5194
389023
2053
5352
153768
5167
142891
132
27338
4208
389058
694
54847
400916
84515
55502
2528
55166
100130872///10417
201799
57539
1259
23161
1020
2139
79888
3075
55905
6509
90550
224
3276
1717
171024
55902
59352
7704
5326
9584
11080
10819
136895
84925
8934
90355
7472
5216
51174
3006
27010
138065
3945
54947
23299
259215///58530
100
54795
56925
56648
8614
55589
22866
11169
7083
6493
7407
84883
10464
158863
140883
79583
1576
10418
9510
1909
100288637///89839
54677
8321
4351
285527
4094
8836
8991
10460
92609
9781
9961
9240
6920
838
255738
10231
23085
27161
10439
1836
51116
200916
3964
145741
54827
4200
7474
348249///6359
2877
81537
4033
2810
9760
158586
3717
100287482
6414
25907
222643
284098
9388
10913
79912
94081
2710
7991
101927221
92345
8436
115004
10753
23586
6310
64127
324
102724250///101930059///284565///200030///55672
8404
57161
2786
1306
27284
151887
29965
9056
51714
1602
2525
7739
5747
3561
7171
115677
1380
7432
22932
4013
10160
51360
100533107///8771
8840
126353
6476
157
4645
633
10788
6678
9987
3040///3039
29902
4487
10223
101928589///84187
64781
5105
1634
9518
80209
26
682
3099
286676
87
84418
9908
23242
8411
8819
54102
1308
83442
9555
444
30011
8353
474344
6926
5577
10602
402415
1512
153769
1962
100505865
130367
103091866///728855///388685///57234
57221
79738
9338
27283
1847
1520
375248
4246
257240
203522
51175
57118
22920
929
5928
5655
4237
1981
9920
84455
26958
590
4121
1893
51065
154091
5002
50848
857
10194
2769
1303
1182
9934
2192
3298
4688
5889
115123
650794
1829
8645
2878
1462
51105
5740
7280
4488
23329
2887
55789
57715
150696
100302263///3992
29841
100532736///4681
8997
4061
114818
51316
8073
655
7504
55765
258010
9075
11282
29887
11223
347902
3627
3043
1891
9397
23639
151473
79921
7976
3669
9982
55638
342892
2264
1577
25825
8618
9620
407026///407025
3853
1811
406948///79469///8847
7164
83857
114882
51073
730092///653390///54700
55740
8334
83661
91464
120400
394
183
54762
6332
55612
5358
6628
2530
92675
6535
11030
23484
6751
1776
84842
55975
5579
84376
407975///407048///406982///406980///406979///406953///406952
55243
10669
2805
84870
55605
572558
65125
8817
81792
3156
120224
55635
85301
3635
6812
148170
80223
56261
1844
57822
23766///23710
10891
639
5284
63939
1299
3081
8942
134548
5357
260293
8470
4254
5244///5243
80110
132321
5645
1289
51062
646282///563
100533183///144347
9465
84978
10874
51302
115207
80221
101930578///100887750///55901
55353
9217
8792
5243
105375172
6282
6252
894
4316
9966
51083
55323
6696
3854
9315
10
55018
140462
23650
4935
6713
147525
342035
414062///6349///6348
286052
7789
148203
51616
101930400///1646
8857
23366
440603
147495
54541
5653
100507472///5046
5646
219285
4224
4938
84847
23305
6482
1645
1672
10144
11156
5800
25975
340146
221662
10455
6373
79799
10916
54206
3909
338557
5919
2026
50861
9509
27345
4319
4583
8434
2823
285382
64131
9448
2706
51678
3078///3075
4835
165545
8847
55356
10537///2550
90993
92840
100506718///23768
23236
29953
3017
131096
54474
3914
84898
25945
101928820
9153
55088
100506558///4147
102724229///100271927///10156
54331
10020
5742
3696
1948
629
374383
4241
4320
5918
27303
100507316
2151
1519
90271///25845
23508
6781
1281
100506311
160518
27299
54855
6374
5174
90161
116496
440
121506
860
80307
84293
28992
6564
94240
27074
1806
149175
57552
5168
692088///387066///26799
2180
1152
6549
130
245973
10763
23657
11145
23022
6352
101926951///64881
5156
4921
85463
148418
79949
3399
139818
54103
7291
6423
9245
2254
6097
25845
548596///1159
100505989
11074
4129
8038
57711
2281
728927
4734
54866
1160
7466
54332
2239
100131262
23043
2353
64073
6484
6515
6003
644
5169
79745
1839
22949
1803
415117
7205
54741///3953
3778
119391
3600
124961
5332
6019
776
415
145376
2040
5698
5350
90594
387695
9422
2354
5468
26278
1179
155465
652995
103695435
931
55277
4939
79805
3218
79782
55600
7490
131177
4811
80258
10481
28234
200958
7058
94122
26579
3002
5473
150
7130
7025
4311
55205
55857
6275
6091
5947
11010
5874
9481
10563
83959
26577
11227
2938
728192
1300
83992
3494///3493///3492
100033819///283120
55790
26227
51268
388743
3783
3512
80328
2296
4015
6364
22800
169200
54756
9582
260429
84679
25797
1295
2487
2537
55089
6999
2168
130399
4283
81706
126859
6947
1056
101926913
6304
