8815

55605
79832
378938
6709
5589
1958
5315
11227
5782
8874
678
81671
972
7040
6819
4170
9685
716
5080
5996
131
283651
51313
5873
80157
1277
3491
342035
55088
1292
4061
57393
388
633
101928916///4837
200879
100130933
1734
203111
3487
1291
9260
10110
358
5570
951
11226
3624
768239
6423
56605
1295
2215///2214
2983
10753
5396
1114
92291
10398
51554
4921
54933
7057
101930400///1646///1645
54979
340485
727936
26585
2520
10149
4246
7058
4118
2335
2982
115908
2191
23213
6279
151887
23584
7348
3248
718
339
339977
1909
4131
9353
8840
6751
64399
6876
1809
7850
94122
8537
347
84870
6424
126859
256714
2316
130576
1525
4256
9358
79152
1116
9153
1562
6695
83690
222546
25928
166824
5320
3223
100033819///283120
1545
340547
6750
388743
6696
3576
25884
54829
4969
352999
135656
126393
100506621
723961///3481
171024
11341
3773
195814
5009
13
4069
9992
54097
126
10563
7060
4586
54474
2638
200504
1300
8857
2694
57016
760
56287
1674
1510
4477
496
495
1469
7032
11199
8000
5225
